1.010009765625,-0.143310546875,-0.361572265625,-0.07633587786259542,0.24427480916030533,-1.816793893129771,0,0,0.008399009704589844
1.0166015625,-0.06591796875,-0.341796875,0.366412213740458,0.007633587786259542,-1.3358778625954197,0,0,0.1141350269317627
1.01513671875,-0.052978515625,-0.340087890625,-0.4732824427480916,-0.366412213740458,0.2595419847328244,0,0,0.21974802017211914
1.017822265625,-0.072998046875,-0.31201171875,0.46564885496183206,-1.0687022900763359,1.0076335877862594,0,0,0.3253359794616699
1.038818359375,-0.0537109375,-0.501220703125,3.8091603053435112,0.2824427480916031,0.3282442748091603,0,0,0.43091797828674316
1.072998046875,-0.138916015625,-0.3837890625,-1.6488549618320612,1.8931297709923665,-2.198473282442748,0,0,0.536492109298706
1.266357421875,-0.484619140625,-0.3994140625,-2.9389312977099236,3.618320610687023,-15.427480916030534,0,0,0.6420681476593018
0.81005859375,-1.0458984375,-0.163818359375,-3.7938931297709924,-1.984732824427481,10.725190839694656,0,0,0.7476670742034912
1.081298828125,-0.0751953125,-0.30908203125,6.145038167938932,-3.068702290076336,15.977099236641221,0,0,0.8530900478363037
0.99658203125,0.161865234375,-0.39599609375,-0.9770992366412213,-2.381679389312977,10.603053435114504,1,0.21100687980651855,0.9585001468658447
0.892822265625,0.142578125,-0.4267578125,-8.145038167938932,-1.5572519083969465,-2.9160305343511452,1,0.3164238929748535,1.063913106918335
1.009033203125,-0.079833984375,-0.232177734375,7.32824427480916,-1.0381679389312977,-14.312977099236642,0,0,1.1695940494537354
1.43994140625,0.109619140625,0.89453125,26.221374045801525,-7.8320610687022905,-40.19847328244275,0,0,1.2751929759979248
0.98779296875,0.40966796875,-0.3681640625,0.7404580152671756,-1.8778625954198473,-1.8778625954198473,0,0,1.380774974822998
1.0087890625,-0.068603515625,-0.459716796875,-1.9465648854961832,-0.5801526717557252,-0.12213740458015267,0,0,1.4863910675048828
1.010986328125,-0.011962890625,-0.5234375,-1.5114503816793894,0.1984732824427481,-1.5114503816793894,0,0,1.5919549465179443
1.07666015625,0.083984375,-0.37646484375,-2.030534351145038,0.1297709923664122,-0.9083969465648855,0,0,1.6975531578063965
0.992431640625,-0.05517578125,-0.4599609375,2.16793893129771,0.4961832061068702,-2.2290076335877864,0,0,1.8031330108642578
1.023681640625,0.170654296875,-0.3173828125,2.0610687022900764,1.183206106870229,-3.7099236641221376,0,0,1.9087409973144531
1.10791015625,-0.004150390625,-0.526123046875,0.03816793893129771,-0.8854961832061069,-2.9618320610687023,0,0,2.014333963394165
1.03173828125,0.03369140625,-0.379638671875,1.3053435114503817,0.2366412213740458,0.16793893129770993,0,0,2.119917154312134
0.970703125,0.1376953125,-0.367431640625,-1.0534351145038168,-0.4580152671755725,-0.4198473282442748,0,0,2.225515127182007
0.986083984375,0.093505859375,-0.400390625,-1.1374045801526718,-0.26717557251908397,0.22900763358778625,0,0,2.3311710357666016
1.009765625,0.1103515625,-0.416748046875,-0.3511450381679389,-0.44274809160305345,-0.19083969465648856,0,0,2.436768054962158
1.01171875,0.09375,-0.3828125,0.022900763358778626,-0.5114503816793893,-0.4198473282442748,0,0,2.5423929691314697
1.003662109375,0.07958984375,-0.390625,-0.6412213740458015,-1.0687022900763359,0.5190839694656488,0,0,2.647974967956543
1.01806640625,0.10302734375,-0.419189453125,0.17557251908396945,-0.45038167938931295,0.26717557251908397,0,0,2.753559112548828
1.0146484375,0.0908203125,-0.440185546875,0.6335877862595419,-0.22900763358778625,0.21374045801526717,0,0,2.8591721057891846
0.997802734375,0.077392578125,-0.422607421875,-0.3053435114503817,-0.19083969465648856,0.13740458015267176,0,0,2.9647419452667236
0.9873046875,0.0908203125,-0.4013671875,-0.5190839694656488,-0.25190839694656486,0.0,0,0,3.070312023162842
